Wavelength,Transmission
230.0,1.0000000000000005e-07
240.0,1.0000000000000005e-07
250.0,1.0000000000000005e-07
260.0,1.0000000000000005e-07
270.0,1.0000000000000005e-07
280.0,1.0000000000000005e-07
290.0,1.0000000000000005e-07
300.0,1.0000000000000005e-07
310.0,1.0000000000000005e-07
320.0,1.0000000000000005e-07
330.0,1.0000000000000005e-07
340.0,1.0000000000000005e-07
350.0,1.0000000000000005e-07
360.0,1.0000000000000005e-07
370.0,1.0000000000000005e-07
380.0,1.0000000000000005e-07
390.0,1.0000000000000005e-07
400.0,1.0000000000000005e-07
410.0,1.0000000000000005e-07
420.0,2.159999999999999e-05
430.0,0.0008000000000000001
440.0,0.014887699999999999
450.0,0.1601613
460.0,1.0077695999999996
470.0,3.4328125000000007
480.0,7.895358900000001
490.0,14.887700000000004
500.0,23.0346397
510.0,29.94183090000001
520.0,34.006839199999995
530.0,34.006839199999995
540.0,29.94183090000001
550.0,23.6029032
560.0,16.819660800000005
570.0,10.8531333
580.0,6.4481201000000015
590.0,3.5937000000000006
600.0,1.8609625000000005
610.0,0.9129328999999998
620.0,0.44109440000000016
630.0,0.2197
640.0,0.12250429999999994
650.0,0.0704969
660.0,0.04218749999999999
670.0,0.028749599999999993
680.0,0.0195112
690.0,0.014887699999999999
700.0,0.012500000000000002
710.0,0.0110592
720.0,0.010382300000000002
730.0,0.009733599999999997
740.0,0.0091125
750.0,0.0091125
760.0,0.008518400000000002
770.0,0.008518400000000002
780.0,0.008518400000000002
790.0,0.007950699999999996
800.0,0.007950699999999996
810.0,0.007950699999999996
820.0,0.008518400000000002
830.0,0.0091125
840.0,0.0091125
850.0,0.010382300000000002
860.0,0.0110592
870.0,0.011764900000000002
880.0,0.012500000000000002
890.0,0.014887699999999999
900.0,0.017561600000000007
910.0,0.0205379
920.0,0.025004700000000008
930.0,0.028749599999999993
940.0,0.03430000000000002
950.0,0.04052239999999998
960.0,0.049303899999999984
970.0,0.0592704
980.0,0.07289999999999996
990.0,0.08573750000000004
1000.0,0.10612079999999997
1010.0,0.12950289999999998
1020.0,0.15608960000000005
1030.0,0.18608669999999994
1040.0,0.2197
1050.0,0.2515456000000001
1060.0,0.2924206999999999
1070.0,0.34429509999999997
1080.0,0.4019679
1090.0,0.46574630000000017
1100.0,0.5268023999999998
1110.0,0.6028568
1120.0,0.6967871
1130.0,0.8120601
1140.0,0.8998912
1150.0,1.0360232
1160.0,1.1697083000000001
1170.0,1.3312052999999997
1180.0,1.4886935999999997
1190.0,1.6777216000000004
1200.0,1.8399744000000002
1250.0,2.8094463999999997
1300.0,4.287499999999998
1350.0,6.400000000000001
1400.0,8.5184
1450.0,11.764899999999999
1500.0,14.887700000000004
1550.0,18.519299999999994
1600.0,21.6
1650.0,25.847485300000006
1700.0,30.076300000000007
1750.0,33.71535359999999
1800.0,37.324799999999996
1850.0,40.6869021
1900.0,43.897600000000004
1950.0,46.90974330000001
2000.0,49.30390000000001
2050.0,52.947512900000014
2100.0,55.13679999999999
2150.0,57.385619099999985
2200.0,59.27039999999999
2250.0,60.76454229999999
2300.0,62.502637500000006
2350.0,63.8277381
2400.0,65.8503
2450.0,66.7627624
2500.0,68.1472
2550.0,68.1472
2600.0,69.0807104
2650.0,68.8465387
2700.0,65.8503
2750.0,32.42427030000001
2800.0,23.260837499999997
2850.0,22.144512499999998
2900.0,21.6
2950.0,20.433646899999996
3000.0,19.511199999999995
3050.0,17.845354699999998
3100.0,15.746400000000001
3150.0,13.899183200000001
3200.0,12.5
3250.0,10.990223899999998
3300.0,9.733600000000003
3350.0,8.460451900000002
3400.0,7.461846099999998
3450.0,6.993452799999998
3500.0,6.545082700000002
3550.0,6.400000000000001
3600.0,6.400000000000001
3650.0,6.496480800000001
3700.0,6.892099999999998
3750.0,7.251171299999999
3800.0,7.950699999999999
3850.0,8.635088799999998
3900.0,9.112499999999999
3950.0,9.357666400000001
4000.0,9.2345408
4050.0,8.693830700000001
4100.0,7.4088
4150.0,6.496480800000001
4200.0,5.4872000000000005
4250.0,4.4361864
4300.0,3.3386248
4350.0,2.3887871999999994
4400.0,1.5069223
4450.0,0.8615124999999996
4500.0,0.4095999999999999
4550.0,0.14815440000000002
4600.0,0.04052239999999998
4650.0,0.0140608
4700.0,0.0035937000000000018
4750.0,0.0010647999999999999
4800.0,0.00040959999999999976
4850.0,0.00017279999999999994
4900.0,0.00010000000000000009
4950.0,5.119999999999997e-05
5000.0,1.250000000000001e-05
5050.0,2.699999999999998e-06
5100.0,1.0000000000000005e-07
5150.0,1.0000000000000005e-07
